{
 "cells": [
  {
   "cell_type": "code",
   "execution_count": 75,
   "metadata": {},
   "outputs": [],
   "source": [
    "import numpy as np"
   ]
  },
  {
   "cell_type": "code",
   "execution_count": 2,
   "metadata": {},
   "outputs": [],
   "source": [
    "x = np.asarray([1, 0, 2, -1])"
   ]
  },
  {
   "cell_type": "code",
   "execution_count": 5,
   "metadata": {},
   "outputs": [],
   "source": [
    "ind = np.argsort(x)"
   ]
  },
  {
   "cell_type": "code",
   "execution_count": 7,
   "metadata": {},
   "outputs": [],
   "source": [
    "y = x[ind]"
   ]
  },
  {
   "cell_type": "code",
   "execution_count": 8,
   "metadata": {},
   "outputs": [
    {
     "data": {
      "text/plain": [
       "array([-1,  0])"
      ]
     },
     "execution_count": 8,
     "metadata": {},
     "output_type": "execute_result"
    }
   ],
   "source": [
    "y[:2]"
   ]
  },
  {
   "cell_type": "code",
   "execution_count": 18,
   "metadata": {},
   "outputs": [],
   "source": [
    "e = 0.3"
   ]
  },
  {
   "cell_type": "code",
   "execution_count": 19,
   "metadata": {},
   "outputs": [],
   "source": [
    "i = int(e * x.shape[0])"
   ]
  },
  {
   "cell_type": "code",
   "execution_count": 20,
   "metadata": {},
   "outputs": [
    {
     "data": {
      "text/plain": [
       "array([-1])"
      ]
     },
     "execution_count": 20,
     "metadata": {},
     "output_type": "execute_result"
    }
   ],
   "source": [
    "y[:i]"
   ]
  },
  {
   "cell_type": "code",
   "execution_count": 21,
   "metadata": {},
   "outputs": [
    {
     "data": {
      "text/plain": [
       "array([0, 1, 2])"
      ]
     },
     "execution_count": 21,
     "metadata": {},
     "output_type": "execute_result"
    }
   ],
   "source": [
    "y[i:]"
   ]
  },
  {
   "cell_type": "code",
   "execution_count": 25,
   "metadata": {},
   "outputs": [
    {
     "data": {
      "text/plain": [
       "2"
      ]
     },
     "execution_count": 25,
     "metadata": {},
     "output_type": "execute_result"
    }
   ],
   "source": [
    "np.sum(y > 0)"
   ]
  },
  {
   "cell_type": "code",
   "execution_count": 1,
   "metadata": {},
   "outputs": [
    {
     "name": "stdout",
     "output_type": "stream",
     "text": [
      "None 0\n",
      "None 1\n",
      "None 2\n",
      "None 3\n",
      "None 4\n",
      "None 5\n",
      "None 6\n",
      "None 7\n",
      "None 8\n",
      "None 9\n",
      "None 10\n",
      "None 11\n"
     ]
    }
   ],
   "source": [
    "x = None\n",
    "i = 0\n",
    "\n",
    "while x is None:\n",
    "    print(x, i)\n",
    "    if i > 10:\n",
    "        x = i\n",
    "    else:\n",
    "        i = i + 1   "
   ]
  },
  {
   "cell_type": "code",
   "execution_count": 2,
   "metadata": {},
   "outputs": [
    {
     "data": {
      "text/plain": [
       "11"
      ]
     },
     "execution_count": 2,
     "metadata": {},
     "output_type": "execute_result"
    }
   ],
   "source": [
    "x"
   ]
  },
  {
   "cell_type": "code",
   "execution_count": 15,
   "metadata": {},
   "outputs": [],
   "source": [
    "a = np.array([True, False, True, False])\n",
    "b = np.array([True, True, False, True])"
   ]
  },
  {
   "cell_type": "code",
   "execution_count": 16,
   "metadata": {},
   "outputs": [],
   "source": [
    "c = [ai ^ bi for (ai, bi) in zip(a, b)]"
   ]
  },
  {
   "cell_type": "code",
   "execution_count": 17,
   "metadata": {},
   "outputs": [
    {
     "data": {
      "text/plain": [
       "[False, True, True, True]"
      ]
     },
     "execution_count": 17,
     "metadata": {},
     "output_type": "execute_result"
    }
   ],
   "source": [
    "c"
   ]
  },
  {
   "cell_type": "code",
   "execution_count": 18,
   "metadata": {},
   "outputs": [
    {
     "data": {
      "text/plain": [
       "[False, True, True, True]"
      ]
     },
     "execution_count": 18,
     "metadata": {},
     "output_type": "execute_result"
    }
   ],
   "source": [
    "c"
   ]
  },
  {
   "cell_type": "code",
   "execution_count": 19,
   "metadata": {},
   "outputs": [],
   "source": [
    "b[a] = False"
   ]
  },
  {
   "cell_type": "code",
   "execution_count": 20,
   "metadata": {},
   "outputs": [
    {
     "data": {
      "text/plain": [
       "array([False,  True, False,  True])"
      ]
     },
     "execution_count": 20,
     "metadata": {},
     "output_type": "execute_result"
    }
   ],
   "source": [
    "b"
   ]
  },
  {
   "cell_type": "code",
   "execution_count": 21,
   "metadata": {},
   "outputs": [],
   "source": [
    "mean = [0, 0]\n",
    "cov = [[1, 0], [0, 100]] "
   ]
  },
  {
   "cell_type": "code",
   "execution_count": 23,
   "metadata": {},
   "outputs": [
    {
     "data": {
      "text/plain": [
       "array([[ -0.07546955,   1.86821571],\n",
       "       [ -0.66592994, -10.76080399],\n",
       "       [  0.64791538,   4.06324303],\n",
       "       [ -0.64810298,   3.13717033],\n",
       "       [ -1.12200886,  -9.31832777],\n",
       "       [ -1.35630834,   3.55074326],\n",
       "       [  0.12533592, -36.42995577],\n",
       "       [  1.5907596 ,  -0.63835985],\n",
       "       [  1.62950486,  -3.0791004 ],\n",
       "       [ -0.23117823, -15.09675248],\n",
       "       [  0.03774592,  13.84758932],\n",
       "       [  2.1045936 ,   6.01099099],\n",
       "       [  1.21828357,  -8.94053307],\n",
       "       [  0.24099932,   9.11023687],\n",
       "       [  2.70798691,  12.8168607 ],\n",
       "       [  0.04498538, -12.68958055]])"
      ]
     },
     "execution_count": 23,
     "metadata": {},
     "output_type": "execute_result"
    }
   ],
   "source": [
    "np.random.multivariate_normal(mean, cov, 16)"
   ]
  },
  {
   "cell_type": "code",
   "execution_count": 64,
   "metadata": {},
   "outputs": [],
   "source": [
    "f = np.array([1, 0.5, 7, 0.01])"
   ]
  },
  {
   "cell_type": "code",
   "execution_count": 65,
   "metadata": {},
   "outputs": [],
   "source": [
    "ind = np.argsort(f)"
   ]
  },
  {
   "cell_type": "code",
   "execution_count": 66,
   "metadata": {},
   "outputs": [
    {
     "data": {
      "text/plain": [
       "array([3, 1, 0, 2])"
      ]
     },
     "execution_count": 66,
     "metadata": {},
     "output_type": "execute_result"
    }
   ],
   "source": [
    "ind"
   ]
  },
  {
   "cell_type": "code",
   "execution_count": 67,
   "metadata": {},
   "outputs": [
    {
     "data": {
      "text/plain": [
       "array([0.01, 0.5 , 1.  , 7.  ])"
      ]
     },
     "execution_count": 67,
     "metadata": {},
     "output_type": "execute_result"
    }
   ],
   "source": [
    "f[ind]"
   ]
  },
  {
   "cell_type": "code",
   "execution_count": 53,
   "metadata": {},
   "outputs": [],
   "source": [
    "arr = np.array([10, 20, 30, 40, 50])"
   ]
  },
  {
   "cell_type": "code",
   "execution_count": 54,
   "metadata": {},
   "outputs": [
    {
     "data": {
      "text/plain": [
       "array([10, 20, 30, 40, 50])"
      ]
     },
     "execution_count": 54,
     "metadata": {},
     "output_type": "execute_result"
    }
   ],
   "source": [
    "arr"
   ]
  },
  {
   "cell_type": "code",
   "execution_count": 60,
   "metadata": {},
   "outputs": [],
   "source": [
    "idx = np.array([1, 0, 3, 4, 2])"
   ]
  },
  {
   "cell_type": "code",
   "execution_count": 61,
   "metadata": {},
   "outputs": [
    {
     "data": {
      "text/plain": [
       "array([20, 10, 40, 50, 30])"
      ]
     },
     "execution_count": 61,
     "metadata": {},
     "output_type": "execute_result"
    }
   ],
   "source": [
    "arr[idx]"
   ]
  },
  {
   "cell_type": "code",
   "execution_count": 70,
   "metadata": {},
   "outputs": [],
   "source": [
    "x = np.array([[17, 2], [18, 3], [10, 6], [1, 9]])"
   ]
  },
  {
   "cell_type": "code",
   "execution_count": 71,
   "metadata": {},
   "outputs": [
    {
     "data": {
      "text/plain": [
       "array([[ 1,  9],\n",
       "       [18,  3],\n",
       "       [17,  2],\n",
       "       [10,  6]])"
      ]
     },
     "execution_count": 71,
     "metadata": {},
     "output_type": "execute_result"
    }
   ],
   "source": [
    "x[ind]"
   ]
  },
  {
   "cell_type": "code",
   "execution_count": 76,
   "metadata": {},
   "outputs": [],
   "source": [
    "I = np.eye(4)"
   ]
  },
  {
   "cell_type": "code",
   "execution_count": 77,
   "metadata": {},
   "outputs": [
    {
     "data": {
      "text/plain": [
       "array([[1., 0., 0., 0.],\n",
       "       [0., 1., 0., 0.],\n",
       "       [0., 0., 1., 0.],\n",
       "       [0., 0., 0., 1.]])"
      ]
     },
     "execution_count": 77,
     "metadata": {},
     "output_type": "execute_result"
    }
   ],
   "source": [
    "I"
   ]
  },
  {
   "cell_type": "code",
   "execution_count": 79,
   "metadata": {},
   "outputs": [],
   "source": [
    "np.random.shuffle(I)"
   ]
  },
  {
   "cell_type": "code",
   "execution_count": 86,
   "metadata": {},
   "outputs": [
    {
     "data": {
      "text/plain": [
       "array([[0., 0., 1., 0.],\n",
       "       [1., 0., 0., 0.],\n",
       "       [0., 1., 0., 0.],\n",
       "       [0., 0., 0., 1.]])"
      ]
     },
     "execution_count": 86,
     "metadata": {},
     "output_type": "execute_result"
    }
   ],
   "source": [
    "I"
   ]
  },
  {
   "cell_type": "code",
   "execution_count": 83,
   "metadata": {},
   "outputs": [],
   "source": [
    "y = np.random.rand(8,4)"
   ]
  },
  {
   "cell_type": "code",
   "execution_count": 87,
   "metadata": {},
   "outputs": [
    {
     "data": {
      "text/plain": [
       "array([[0.41218627, 0.89364451, 0.37046047, 0.80417434],\n",
       "       [0.01743072, 0.07966169, 0.32912728, 0.88162142],\n",
       "       [0.5360906 , 0.72553424, 0.97079593, 0.01066801],\n",
       "       [0.82892015, 0.08918103, 0.32175814, 0.31331461],\n",
       "       [0.5740572 , 0.41359837, 0.2747143 , 0.16089746],\n",
       "       [0.50253554, 0.73804187, 0.24916718, 0.83382277],\n",
       "       [0.99464329, 0.66927975, 0.74348744, 0.80200038],\n",
       "       [0.53976005, 0.2272858 , 0.73449478, 0.74643519]])"
      ]
     },
     "execution_count": 87,
     "metadata": {},
     "output_type": "execute_result"
    }
   ],
   "source": [
    "y"
   ]
  },
  {
   "cell_type": "code",
   "execution_count": 89,
   "metadata": {},
   "outputs": [],
   "source": [
    "z = np.dot(y, I)"
   ]
  },
  {
   "cell_type": "code",
   "execution_count": 90,
   "metadata": {},
   "outputs": [
    {
     "data": {
      "text/plain": [
       "array([[0.89364451, 0.37046047, 0.41218627, 0.80417434],\n",
       "       [0.07966169, 0.32912728, 0.01743072, 0.88162142],\n",
       "       [0.72553424, 0.97079593, 0.5360906 , 0.01066801],\n",
       "       [0.08918103, 0.32175814, 0.82892015, 0.31331461],\n",
       "       [0.41359837, 0.2747143 , 0.5740572 , 0.16089746],\n",
       "       [0.73804187, 0.24916718, 0.50253554, 0.83382277],\n",
       "       [0.66927975, 0.74348744, 0.99464329, 0.80200038],\n",
       "       [0.2272858 , 0.73449478, 0.53976005, 0.74643519]])"
      ]
     },
     "execution_count": 90,
     "metadata": {},
     "output_type": "execute_result"
    }
   ],
   "source": [
    "z"
   ]
  },
  {
   "cell_type": "code",
   "execution_count": 92,
   "metadata": {},
   "outputs": [
    {
     "data": {
      "text/plain": [
       "array([[0.41218627, 0.89364451, 0.37046047, 0.80417434],\n",
       "       [0.01743072, 0.07966169, 0.32912728, 0.88162142],\n",
       "       [0.5360906 , 0.72553424, 0.97079593, 0.01066801],\n",
       "       [0.82892015, 0.08918103, 0.32175814, 0.31331461],\n",
       "       [0.5740572 , 0.41359837, 0.2747143 , 0.16089746],\n",
       "       [0.50253554, 0.73804187, 0.24916718, 0.83382277],\n",
       "       [0.99464329, 0.66927975, 0.74348744, 0.80200038],\n",
       "       [0.53976005, 0.2272858 , 0.73449478, 0.74643519]])"
      ]
     },
     "execution_count": 92,
     "metadata": {},
     "output_type": "execute_result"
    }
   ],
   "source": [
    "np.dot(z, I.T)"
   ]
  },
  {
   "cell_type": "code",
   "execution_count": 94,
   "metadata": {},
   "outputs": [],
   "source": [
    "x_1, x_2 = np.split(x, 2)"
   ]
  },
  {
   "cell_type": "code",
   "execution_count": 95,
   "metadata": {},
   "outputs": [
    {
     "data": {
      "text/plain": [
       "(array([[17,  2],\n",
       "        [18,  3]]), array([[10,  6],\n",
       "        [ 1,  9]]))"
      ]
     },
     "execution_count": 95,
     "metadata": {},
     "output_type": "execute_result"
    }
   ],
   "source": [
    "x_1, x_2"
   ]
  },
  {
   "cell_type": "code",
   "execution_count": 96,
   "metadata": {},
   "outputs": [
    {
     "data": {
      "text/plain": [
       "array([[17,  2],\n",
       "       [18,  3],\n",
       "       [10,  6],\n",
       "       [ 1,  9]])"
      ]
     },
     "execution_count": 96,
     "metadata": {},
     "output_type": "execute_result"
    }
   ],
   "source": [
    "x"
   ]
  },
  {
   "cell_type": "code",
   "execution_count": null,
   "metadata": {},
   "outputs": [],
   "source": []
  }
 ],
 "metadata": {
  "kernelspec": {
   "display_name": "Python 3",
   "language": "python",
   "name": "python3"
  },
  "language_info": {
   "codemirror_mode": {
    "name": "ipython",
    "version": 3
   },
   "file_extension": ".py",
   "mimetype": "text/x-python",
   "name": "python",
   "nbconvert_exporter": "python",
   "pygments_lexer": "ipython3",
   "version": "3.7.4"
  }
 },
 "nbformat": 4,
 "nbformat_minor": 2
}
